#                   T = 2.00                    
#          r [Å]            g(r)           Δg(r)
  0.00000000E+00  0.00000000E+00  0.00000000E+00
  2.50000000E-01  0.00000000E+00  0.00000000E+00
  5.00000000E-01  0.00000000E+00  0.00000000E+00
  7.50000000E-01  0.00000000E+00  0.00000000E+00
  1.00000000E+00  0.00000000E+00  0.00000000E+00
  1.25000000E+00  0.00000000E+00  0.00000000E+00
  1.50000000E+00  0.00000000E+00  0.00000000E+00
  1.75000000E+00  0.00000000E+00  0.00000000E+00
  2.00000000E+00  3.45579301E-04  3.25217427E-06
  2.25000000E+00  8.11014825E-02  7.15981689E-05
  2.50000000E+00  4.91491161E-01  1.96309517E-04
  2.75000000E+00  1.04737220E+00  3.54519586E-04
  3.00000000E+00  1.53026526E+00  4.29520236E-04
  3.25000000E+00  1.84483679E+00  4.09296484E-04
  3.50000000E+00  1.95986290E+00  3.39449164E-04
  3.75000000E+00  1.89368876E+00  2.72671570E-04
  4.00000000E+00  1.69735088E+00  2.55204438E-04
  4.25000000E+00  1.42980305E+00  3.20874817E-04
  4.50000000E+00  1.14314484E+00  3.76397519E-04
  4.75000000E+00  8.73521734E-01  3.92181445E-04
  5.00000000E+00  6.43818719E-01  3.80333416E-04
  5.25000000E+00  4.68844650E-01  3.33666867E-04
  5.50000000E+00  3.62416586E-01  2.68998550E-04
  5.75000000E+00  3.40422047E-01  1.87550233E-04
  6.00000000E+00  4.12957667E-01  1.81476738E-04
  6.25000000E+00  5.76279859E-01  2.87406308E-04
  6.50000000E+00  8.06652166E-01  4.41700709E-04
  6.75000000E+00  1.06406945E+00  5.00032704E-04
  7.00000000E+00  1.30046979E+00  5.49586557E-04
  7.25000000E+00  1.47486151E+00  5.29160181E-04
  7.50000000E+00  1.56012262E+00  4.19936858E-04
  7.75000000E+00  1.55072249E+00  3.13024391E-04
  8.00000000E+00  1.45645427E+00  3.47754687E-04
  8.25000000E+00  1.30191229E+00  4.24395585E-04
  8.50000000E+00  1.11408223E+00  5.11673295E-04
  8.75000000E+00  9.21758105E-01  5.57657153E-04
  9.00000000E+00  7.49844234E-01  5.34611687E-04
  9.25000000E+00  6.19958521E-01  4.91298354E-04
  9.50000000E+00  5.48544130E-01  3.76586172E-04
  9.75000000E+00  5.45356725E-01  2.75105398E-04
  1.00000000E+01  6.10859721E-01  3.33577411E-04
  1.02500000E+01  7.35498423E-01  4.32141565E-04
  1.05000000E+01  8.98601476E-01  5.60896742E-04
  1.07500000E+01  1.07185638E+00  6.07456155E-04
  1.10000000E+01  1.22721315E+00  5.87833652E-04
  1.12500000E+01  1.33923890E+00  6.13583165E-04
  1.15000000E+01  1.39233552E+00  4.46736474E-04
  1.17500000E+01  1.38163476E+00  3.95857832E-04
  1.20000000E+01  1.31315811E+00  4.39238155E-04
  1.22500000E+01  1.20098672E+00  5.31943201E-04
  1.25000000E+01  1.06382764E+00  6.12911449E-04
  1.27500000E+01  9.23989006E-01  6.46341246E-04
  1.30000000E+01  8.00753272E-01  6.28082665E-04
  1.32500000E+01  7.11629543E-01  5.50563692E-04
  1.35000000E+01  6.68418226E-01  4.31763148E-04
  1.37500000E+01  6.77080696E-01  3.88639188E-04
  1.40000000E+01  7.35317296E-01  4.48175381E-04
  1.42500000E+01  8.32563482E-01  5.57476283E-04
  1.45000000E+01  9.53092544E-01  6.57469726E-04
  1.47500000E+01  1.07615277E+00  6.89316138E-04
  1.50000000E+01  1.18226726E+00  6.68282138E-04
  1.52500000E+01  1.25519492E+00  6.13206632E-04
  1.55000000E+01  1.28507745E+00  4.85595144E-04
  1.57500000E+01  1.26995132E+00  4.75924253E-04
  1.60000000E+01  1.21403092E+00  5.25922522E-04
  1.62500000E+01  1.12829689E+00  5.95552322E-04
  1.65000000E+01  1.02614610E+00  6.71085641E-04
  1.67500000E+01  9.24284149E-01  7.07954243E-04
  1.70000000E+01  8.38130425E-01  6.73246370E-04
  1.72500000E+01  7.78822185E-01  5.54199752E-04
  1.75000000E+01  7.55861576E-01  4.77327191E-04
  1.77500000E+01  7.70962051E-01  4.89073977E-04
  1.80000000E+01  8.21301640E-01  5.47098060E-04
  1.82500000E+01  8.97246000E-01  6.13509356E-04
  1.85000000E+01  9.86335619E-01  6.81807737E-04
  1.87500000E+01  1.07382061E+00  7.38982259E-04
  1.90000000E+01  1.14657232E+00  6.81583638E-04
  1.92500000E+01  1.19329274E+00  6.14146316E-04
  1.95000000E+01  1.20814149E+00  5.49871623E-04
  1.97500000E+01  1.19062566E+00  5.48437299E-04
  2.00000000E+01  1.14402821E+00  5.87641842E-04
  2.02500000E+01  1.07809089E+00  6.32043069E-04
  2.05000000E+01  1.00189113E+00  6.95616133E-04
  2.07500000E+01  9.28720464E-01  6.91024686E-04
  2.10000000E+01  8.68961144E-01  6.89427435E-04
  2.12500000E+01  8.31573239E-01  5.76895858E-04
  2.15000000E+01  8.21769258E-01  5.39640238E-04
  2.17500000E+01  8.39364000E-01  5.70311818E-04
  2.20000000E+01  8.81275003E-01  6.16241852E-04
  2.22500000E+01  9.39403907E-01  6.54696332E-04
  2.25000000E+01  1.00539474E+00  7.08374245E-04
  2.27500000E+01  1.06749936E+00  7.19304097E-04
  2.30000000E+01  1.11640617E+00  6.96178346E-04
  2.32500000E+01  1.14579602E+00  6.11190787E-04
  2.35000000E+01  1.15113574E+00  5.88294950E-04
  2.37500000E+01  1.13273525E+00  5.99675226E-04
  2.40000000E+01  1.09514587E+00  6.33895748E-04
  2.42500000E+01  1.04393283E+00  6.71612465E-04
  2.45000000E+01  9.88452829E-01  7.15930703E-04
  2.47500000E+01  9.36111420E-01  7.19330675E-04
  2.50000000E+01  8.96296472E-01  6.90881522E-04
  2.52500000E+01  8.73449415E-01  6.52727909E-04
  2.55000000E+01  8.70953398E-01  5.90917072E-04
  2.57500000E+01  8.88512824E-01  6.18999425E-04
  2.60000000E+01  9.22491759E-01  6.59859112E-04
  2.62500000E+01  9.67052671E-01  6.67502382E-04
  2.65000000E+01  1.01521143E+00  7.56407746E-04
  2.67500000E+01  1.05873756E+00  7.19996228E-04
  2.70000000E+01  1.09148268E+00  7.11084547E-04
  2.72500000E+01  1.10879104E+00  6.29707218E-04
  2.75000000E+01  1.10853726E+00  6.13713054E-04
  2.77500000E+01  1.09137465E+00  6.41836188E-04
  2.80000000E+01  1.06102300E+00  6.69028557E-04
  2.82500000E+01  1.02230092E+00  6.90094025E-04
  2.85000000E+01  9.82076794E-01  7.22620975E-04
  2.87500000E+01  9.45478404E-01  7.41152095E-04
  2.90000000E+01  9.18618273E-01  6.93946711E-04
  2.92500000E+01  9.05513135E-01  6.25083157E-04
  2.95000000E+01  9.07570252E-01  6.29056327E-04
  2.97500000E+01  9.23633927E-01  6.58941589E-04
  3.00000000E+01  9.50613870E-01  6.60396818E-04
  3.02500000E+01  9.84235017E-01  6.95689673E-04
  3.05000000E+01  1.01880294E+00  7.54449635E-04
  3.07500000E+01  1.04943867E+00  7.10725160E-04
  3.10000000E+01  1.07076677E+00  7.34384585E-04
  3.12500000E+01  1.08019862E+00  6.35352193E-04
  3.15000000E+01  1.07718881E+00  6.46023464E-04
  3.17500000E+01  1.06241277E+00  6.61821886E-04
  3.20000000E+01  1.03856029E+00  6.83486027E-04
  3.22500000E+01  1.00929811E+00  7.37493547E-04
  3.25000000E+01  9.79675201E-01  7.41813567E-04
  3.27500000E+01  9.54501393E-01  7.35969114E-04
  3.30000000E+01  9.37220779E-01  7.15780191E-04
  3.32500000E+01  9.30205707E-01  6.33989565E-04
  3.35000000E+01  9.34523178E-01  6.53360052E-04
  3.37500000E+01  9.48203354E-01  6.67611247E-04
  3.40000000E+01  9.69578628E-01  6.77578592E-04
  3.42500000E+01  9.94416621E-01  7.09583387E-04
  3.45000000E+01  1.01931228E+00  7.68928950E-04
  3.47500000E+01  1.04007137E+00  7.35787272E-04
  3.50000000E+01  1.05420759E+00  6.76700055E-04
  3.52500000E+01  1.05892643E+00  6.48722281E-04
  3.55000000E+01  1.05449550E+00  6.59455438E-04
  3.57500000E+01  1.04171161E+00  6.90173616E-04
  3.60000000E+01  1.02282165E+00  6.89806811E-04
  3.62500000E+01  1.00157425E+00  7.36969094E-04
  3.65000000E+01  9.80164497E-01  7.53712023E-04
  3.67500000E+01  9.63056743E-01  7.29007195E-04
  3.70000000E+01  9.52312246E-01  7.02227892E-04
  3.72500000E+01  9.49116229E-01  6.45988233E-04
  3.75000000E+01  9.53619172E-01  6.73851163E-04
  3.77500000E+01  9.65562180E-01  6.81999945E-04
  3.80000000E+01  9.81859217E-01  7.27266047E-04
  3.82500000E+01  1.00041089E+00  7.83812202E-04
  3.85000000E+01  1.01783327E+00  7.88704002E-04
  3.87500000E+01  1.03205988E+00  7.47612464E-04
  3.90000000E+01  1.04099975E+00  6.56221788E-04
  3.92500000E+01  1.04282845E+00  6.61976869E-04
  3.95000000E+01  1.03796491E+00  6.77859434E-04
  3.97500000E+01  1.02748977E+00  7.03231097E-04
  4.00000000E+01  1.01272115E+00  7.40949579E-04
  4.02500000E+01  9.96866547E-01  7.84235182E-04
  4.05000000E+01  9.82234311E-01  7.39378442E-04
  4.07500000E+01  9.70691253E-01  6.86749813E-04
  4.10000000E+01  9.64010372E-01  6.83588042E-04
  4.12500000E+01  9.63016112E-01  6.75698783E-04
  4.15000000E+01  9.67824829E-01  6.79623643E-04
  4.17500000E+01  9.77357088E-01  7.07417123E-04
  4.20000000E+01  9.89774438E-01  7.40589613E-04
  4.22500000E+01  1.00345715E+00  7.60315379E-04
  4.25000000E+01  1.01615826E+00  7.52304114E-04
  4.27500000E+01  1.02552259E+00  6.76886622E-04
  4.30000000E+01  1.03031674E+00  6.63245455E-04
  4.32500000E+01  1.03059295E+00  6.73058293E-04
  4.35000000E+01  1.02589064E+00  6.91073001E-04
  4.37500000E+01  1.01740283E+00  7.48058128E-04
  4.40000000E+01  1.00654538E+00  7.36463293E-04
  4.42500000E+01  9.95040051E-01  7.66602374E-04
  4.45000000E+01  9.84328662E-01  7.28082375E-04
  4.47500000E+01  9.77201182E-01  6.89240472E-04
  4.50000000E+01  9.72958740E-01  6.70163605E-04
  4.52500000E+01  9.73527600E-01  6.93252814E-04
  4.55000000E+01  9.77826652E-01  6.98269984E-04
  4.57500000E+01  9.85501975E-01  7.04079415E-04
  4.60000000E+01  9.94680005E-01  7.50525119E-04
  4.62500000E+01  1.00479868E+00  7.51988691E-04
  4.65000000E+01  1.01355144E+00  7.13335959E-04
  4.67500000E+01  1.01972387E+00  6.71064314E-04
  4.70000000E+01  1.02260447E+00  6.81875510E-04
  4.72500000E+01  1.02152855E+00  6.95420684E-04
  4.75000000E+01  1.01750659E+00  7.26878158E-04
  4.77500000E+01  1.01067553E+00  7.35227828E-04
  4.80000000E+01  1.00274979E+00  7.64335823E-04
  4.82500000E+01  9.94189428E-01  7.26676355E-04
  4.85000000E+01  9.87188445E-01  6.94560264E-04
  4.87500000E+01  9.81920718E-01  6.71819501E-04
  4.90000000E+01  9.79968914E-01  6.83951325E-04
  4.92500000E+01  9.80891741E-01  6.93488260E-04
  4.95000000E+01  9.84647097E-01  7.04173460E-04
  4.97500000E+01  9.90963161E-01  7.15537842E-04
  5.00000000E+01  9.98063063E-01  7.67031441E-04
  5.02500000E+01  1.00499890E+00  6.91604872E-04
  5.05000000E+01  1.01156811E+00  6.71021566E-04
  5.07500000E+01  1.01493982E+00  6.67333622E-04
  5.10000000E+01  1.01669538E+00  7.03560748E-04
  5.12500000E+01  1.01509643E+00  7.01530825E-04
  5.15000000E+01  1.01196895E+00  7.37827504E-04
  5.17500000E+01  1.00629989E+00  7.37830118E-04
  5.20000000E+01  1.00009355E+00  7.43296403E-04
  5.22500000E+01  9.94021859E-01  7.36872683E-04
  5.25000000E+01  9.88958213E-01  6.67048114E-04
  5.27500000E+01  9.86164832E-01  6.92828085E-04
  5.30000000E+01  9.85071129E-01  6.90868880E-04
  5.32500000E+01  9.86624121E-01  6.98301879E-04
  5.35000000E+01  9.89744267E-01  7.51235681E-04
  5.37500000E+01  9.94640789E-01  7.55186621E-04
  5.40000000E+01  9.99692563E-01  6.82968814E-04
  5.42500000E+01  1.00517938E+00  7.01324481E-04
  5.45000000E+01  1.00920061E+00  6.64535320E-04
  5.47500000E+01  1.01171488E+00  6.84278545E-04
  5.50000000E+01  1.01210499E+00  6.94562987E-04
  5.52500000E+01  1.01037028E+00  7.12822652E-04
  5.55000000E+01  1.00747017E+00  7.10302478E-04
  5.57500000E+01  1.00339686E+00  7.25591814E-04
  5.60000000E+01  9.98774923E-01  7.15856869E-04
  5.62500000E+01  9.94284550E-01  6.72425973E-04
  5.65000000E+01  9.90953623E-01  6.70194205E-04
  5.67500000E+01  9.89203984E-01  7.01360066E-04
  5.70000000E+01  9.88966795E-01  6.83814932E-04
  5.72500000E+01  9.90349290E-01  7.37709163E-04
  5.75000000E+01  9.93212103E-01  7.30708652E-04
  5.77500000E+01  9.96939791E-01  6.85692375E-04
  5.80000000E+01  1.00122196E+00  7.10519339E-04
  5.82500000E+01  1.00493919E+00  6.94227022E-04
  5.85000000E+01  1.00739865E+00  6.89262915E-04
  5.87500000E+01  1.00862539E+00  7.02292798E-04
  5.90000000E+01  1.00880780E+00  7.09215487E-04
  5.92500000E+01  1.00769467E+00  6.90277603E-04
  5.95000000E+01  1.00449931E+00  6.89580614E-04
  5.97500000E+01  1.00130524E+00  6.78891350E-04
  6.00000000E+01  9.98152710E-01  6.82773161E-04
  6.02500000E+01  9.94625172E-01  6.96838663E-04
  6.05000000E+01  9.92188868E-01  7.12632667E-04
  6.07500000E+01  9.91284467E-01  6.86636173E-04
  6.10000000E+01  9.91779336E-01  6.95260983E-04
  6.12500000E+01  9.93247304E-01  6.84071336E-04
  6.15000000E+01  9.95866556E-01  6.75390011E-04
  6.17500000E+01  9.99050843E-01  6.81492462E-04
  6.20000000E+01  1.00164430E+00  6.94764941E-04
  6.22500000E+01  1.00413094E+00  6.81570491E-04
  6.25000000E+01  1.00593246E+00  6.90072289E-04
  6.27500000E+01  1.00694415E+00  7.01391639E-04
  6.30000000E+01  1.00648141E+00  7.05993479E-04
  6.32500000E+01  1.00481342E+00  7.00455758E-04
  6.35000000E+01  1.00260601E+00  7.01628289E-04
  6.37500000E+01  9.99801297E-01  6.67446824E-04
  6.40000000E+01  9.97404432E-01  6.80809622E-04
  6.42500000E+01  9.95140343E-01  6.86092505E-04
  6.45000000E+01  9.93822950E-01  6.92977359E-04
  6.47500000E+01  9.93458608E-01  7.00940053E-04
  6.50000000E+01  9.93919739E-01  6.93265944E-04
  6.52500000E+01  9.95686162E-01  6.90095469E-04
  6.55000000E+01  9.97648584E-01  6.68673298E-04
  6.57500000E+01  9.99800032E-01  6.96564901E-04
  6.60000000E+01  1.00179190E+00  6.81209173E-04
  6.62500000E+01  1.00347911E+00  6.95869345E-04
  6.65000000E+01  1.00472207E+00  7.00532838E-04
  6.67500000E+01  1.00493668E+00  7.16083002E-04
  6.70000000E+01  1.00461534E+00  6.90734887E-04
  6.72500000E+01  1.00321630E+00  6.89797216E-04
  6.75000000E+01  1.00123858E+00  7.09083297E-04
  6.77500000E+01  9.98980261E-01  7.25242609E-04
  6.80000000E+01  9.97304781E-01  6.89142656E-04
  6.82500000E+01  9.95562712E-01  6.95850350E-04
  6.85000000E+01  9.95039532E-01  7.05588562E-04
  6.87500000E+01  9.94863024E-01  6.97427921E-04
  6.90000000E+01  9.95640962E-01  7.05479508E-04
  6.92500000E+01  9.96836536E-01  6.86312247E-04
  6.95000000E+01  9.98607773E-01  6.88995597E-04
  6.97500000E+01  1.00035252E+00  6.79549457E-04
  7.00000000E+01  1.00188880E+00  6.88590224E-04
  7.02500000E+01  1.00352586E+00  7.14032657E-04
  7.05000000E+01  1.00394342E+00  7.26711380E-04
  7.07500000E+01  1.00355364E+00  7.07566196E-04
  7.10000000E+01  1.00287243E+00  6.85869073E-04
  7.12500000E+01  1.00177914E+00  6.82334005E-04
  7.15000000E+01  1.00025385E+00  6.67947803E-04
  7.17500000E+01  9.98608842E-01  6.79541599E-04
  7.20000000E+01  9.97011176E-01  6.93891660E-04
  7.22500000E+01  9.96169720E-01  7.20761951E-04
  7.25000000E+01  9.96289057E-01  7.30629249E-04
  7.27500000E+01  9.96291488E-01  7.18815712E-04
  7.30000000E+01  9.97215969E-01  6.73901852E-04
  7.32500000E+01  9.97799438E-01  6.66673156E-04
  7.35000000E+01  9.99286031E-01  6.25864153E-04
  7.37500000E+01  1.00079629E+00  6.57688184E-04
  7.40000000E+01  1.00190682E+00  7.06919136E-04
  7.42500000E+01  1.00246011E+00  7.36966203E-04
  7.45000000E+01  1.00282545E+00  7.49003607E-04
  7.47500000E+01  1.00261094E+00  6.94266128E-04
  7.50000000E+01  1.00188242E+00  6.53207185E-04
  7.52500000E+01  1.00088281E+00  6.23818926E-04
  7.55000000E+01  9.99285267E-01  6.18490359E-04
  7.57500000E+01  9.98508614E-01  6.66827503E-04
  7.60000000E+01  9.97348424E-01  7.20537554E-04
  7.62500000E+01  9.97142509E-01  7.47292386E-04
  7.65000000E+01  9.97060465E-01  7.42299357E-04
  7.67500000E+01  9.97471888E-01  7.15576932E-04
  7.70000000E+01  9.97912436E-01  6.31296065E-04
  7.72500000E+01  9.98729194E-01  5.91369078E-04
  7.75000000E+01  9.99701954E-01  6.15277102E-04
  7.77500000E+01  1.00058197E+00  6.73204462E-04
  7.80000000E+01  1.00163839E+00  7.32166580E-04
  7.82500000E+01  1.00191763E+00  7.70497604E-04
  7.85000000E+01  1.00192419E+00  7.46465940E-04
  7.87500000E+01  1.00156139E+00  6.96518828E-04
  7.90000000E+01  1.00104431E+00  6.08693068E-04
  7.92500000E+01  1.00028882E+00  5.72946857E-04
  7.95000000E+01  9.99481916E-01  6.24567645E-04
  7.97500000E+01  9.98494251E-01  6.82134994E-04
  8.00000000E+01  9.97865129E-01  7.48036725E-04
  8.02500000E+01  9.97516091E-01  7.75364197E-04
  8.05000000E+01  9.97560753E-01  7.48903925E-04
  8.07500000E+01  9.97957036E-01  6.72852045E-04
  8.10000000E+01  9.98668127E-01  5.80339182E-04
  8.12500000E+01  9.99345781E-01  5.50423192E-04
  8.15000000E+01  9.99722932E-01  6.03503016E-04
  8.17500000E+01  1.00087085E+00  6.98253142E-04
  8.20000000E+01  1.00118341E+00  7.73280736E-04
  8.22500000E+01  1.00167939E+00  7.93044580E-04
  8.25000000E+01  1.00146553E+00  7.53557846E-04
  8.27500000E+01  1.00102324E+00  6.52499808E-04
  8.30000000E+01  1.00033940E+00  5.57789185E-04
  8.32500000E+01  9.99603385E-01  5.29415998E-04
  8.35000000E+01  9.98967247E-01  6.02750702E-04
  8.37500000E+01  9.98437946E-01  7.12319572E-04
  8.40000000E+01  9.98420978E-01  7.94870102E-04
  8.42500000E+01  9.98381114E-01  8.08447496E-04
  8.45000000E+01  9.98137146E-01  7.47415971E-04
  8.47500000E+01  9.98589400E-01  6.45016536E-04
  8.50000000E+01  9.98881287E-01  5.16873791E-04
  8.52500000E+01  9.99560057E-01  5.11775710E-04
  8.55000000E+01  9.99971659E-01  6.11570187E-04
  8.57500000E+01  1.00074155E+00  7.49608976E-04
  8.60000000E+01  1.00101399E+00  8.21663189E-04
  8.62500000E+01  1.00105097E+00  8.20482575E-04
  8.65000000E+01  1.00072157E+00  7.30336964E-04
  8.67500000E+01  1.00066366E+00  5.99778820E-04
  8.70000000E+01  1.00000320E+00  4.80867976E-04
  8.72500000E+01  9.99693741E-01  4.83668187E-04
  8.75000000E+01  9.99242808E-01  6.16819406E-04
  8.77500000E+01  9.98647894E-01  7.69140127E-04
  8.80000000E+01  9.98364900E-01  8.46426103E-04
  8.82500000E+01  9.98104351E-01  8.40951472E-04
  8.85000000E+01  9.98337579E-01  7.31349892E-04
  8.87500000E+01  9.98840920E-01  5.58069575E-04
  8.90000000E+01  9.99335331E-01  4.36917012E-04
  8.92500000E+01  9.99905510E-01  4.69355702E-04
  8.95000000E+01  1.00020942E+00  6.40622949E-04
  8.97500000E+01  1.00068424E+00  7.96402870E-04
  9.00000000E+01  1.00099433E+00  8.80461039E-04
  9.02500000E+01  1.00090399E+00  8.49787681E-04
  9.05000000E+01  1.00051423E+00  7.12726996E-04
  9.07500000E+01  1.00037466E+00  5.22955759E-04
  9.10000000E+01  9.99721035E-01  3.80860007E-04
  9.12500000E+01  9.99270599E-01  4.61558977E-04
  9.15000000E+01  9.98852122E-01  6.64746048E-04
  9.17500000E+01  9.98643237E-01  8.31906402E-04
  9.20000000E+01  9.98368590E-01  9.07027682E-04
  9.22500000E+01  9.98566455E-01  8.62788281E-04
  9.25000000E+01  9.99059283E-01  7.07222489E-04
  9.27500000E+01  9.98934235E-01  4.71008425E-04
  9.30000000E+01  9.99254661E-01  3.24314844E-04
  9.32500000E+01  9.99919379E-01  4.62552517E-04
  9.35000000E+01  1.00057374E+00  6.93486010E-04
  9.37500000E+01  1.00055705E+00  8.75081598E-04
  9.40000000E+01  1.00095973E+00  9.24948613E-04
  9.42500000E+01  1.00081125E+00  8.54654576E-04
  9.45000000E+01  1.00028059E+00  6.66852106E-04
  9.47500000E+01  9.99838918E-01  4.12715468E-04
  9.50000000E+01  9.99416114E-01  2.74190309E-04
  9.52500000E+01  9.99270590E-01  4.69417781E-04
  9.55000000E+01  9.98958872E-01  7.28556546E-04
  9.57500000E+01  9.98840422E-01  9.02188838E-04
  9.60000000E+01  9.98491333E-01  9.54311182E-04
  9.62500000E+01  9.98578135E-01  8.80277229E-04
  9.65000000E+01  9.98837730E-01  6.53655051E-04
  9.67500000E+01  9.99155651E-01  3.48543890E-04
  9.70000000E+01  1.00001460E+00  2.43853990E-04
  9.72500000E+01  1.00022810E+00  5.00635985E-04
  9.75000000E+01  1.00047764E+00  7.65549887E-04
  9.77500000E+01  1.00054550E+00  9.51102996E-04
  9.80000000E+01  1.00067056E+00  9.56244699E-04
  9.82500000E+01  1.00019108E+00  8.31492616E-04
  9.85000000E+01  1.00019287E+00  5.85754582E-04
  9.87500000E+01  9.99889890E-01  2.76794328E-04
  9.90000000E+01  9.99646791E-01  2.30341615E-04
  9.92500000E+01  9.99467482E-01  5.36941930E-04
  9.95000000E+01  9.98648962E-01  7.96452356E-04
  9.97500000E+01  9.98405164E-01  9.58321066E-04
