#                   T = 2.00                    
#          r [Å]            g(r)           Δg(r)
  0.00000000E+00  0.00000000E+00  0.00000000E+00
  2.50000000E-01  0.00000000E+00  0.00000000E+00
  5.00000000E-01  0.00000000E+00  0.00000000E+00
  7.50000000E-01  0.00000000E+00  0.00000000E+00
  1.00000000E+00  0.00000000E+00  0.00000000E+00
  1.25000000E+00  0.00000000E+00  0.00000000E+00
  1.50000000E+00  0.00000000E+00  0.00000000E+00
  1.75000000E+00  0.00000000E+00  0.00000000E+00
  2.00000000E+00  3.38912000E-04  3.90487459E-06
  2.25000000E+00  8.04114048E-02  8.55178289E-05
  2.50000000E+00  4.87833037E-01  2.10846116E-04
  2.75000000E+00  1.04134013E+00  2.71597130E-04
  3.00000000E+00  1.52323526E+00  2.98142804E-04
  3.25000000E+00  1.84004899E+00  3.15417730E-04
  3.50000000E+00  1.95929116E+00  3.23351173E-04
  3.75000000E+00  1.89743084E+00  3.69178481E-04
  4.00000000E+00  1.70445970E+00  3.35267592E-04
  4.25000000E+00  1.43855789E+00  3.36770682E-04
  4.50000000E+00  1.15186436E+00  2.84677353E-04
  4.75000000E+00  8.81217421E-01  2.43205574E-04
  5.00000000E+00  6.48935981E-01  2.09530820E-04
  5.25000000E+00  4.71383654E-01  1.69441553E-04
  5.50000000E+00  3.61718035E-01  1.66573344E-04
  5.75000000E+00  3.36131149E-01  1.85373952E-04
  6.00000000E+00  4.04824851E-01  2.42558573E-04
  6.25000000E+00  5.64557907E-01  2.90442907E-04
  6.50000000E+00  7.93312301E-01  3.40362674E-04
  6.75000000E+00  1.05062148E+00  3.30937222E-04
  7.00000000E+00  1.29104099E+00  3.18742447E-04
  7.25000000E+00  1.47070564E+00  3.36841716E-04
  7.50000000E+00  1.56372550E+00  3.41441199E-04
  7.75000000E+00  1.56064719E+00  4.48477647E-04
  8.00000000E+00  1.47201577E+00  4.01084931E-04
  8.25000000E+00  1.31958914E+00  4.23146439E-04
  8.50000000E+00  1.13102083E+00  3.77035479E-04
  8.75000000E+00  9.34917056E-01  3.58048576E-04
  9.00000000E+00  7.58053286E-01  2.95622052E-04
  9.25000000E+00  6.21891296E-01  2.48828356E-04
  9.50000000E+00  5.43573498E-01  2.64169700E-04
  9.75000000E+00  5.33412518E-01  3.22461778E-04
  1.00000000E+01  5.93314419E-01  4.19091486E-04
  1.02500000E+01  7.14724019E-01  4.40520156E-04
  1.05000000E+01  8.77243059E-01  4.32186414E-04
  1.07500000E+01  1.05474523E+00  4.57130889E-04
  1.10000000E+01  1.21650511E+00  3.67468647E-04
  1.12500000E+01  1.33830422E+00  3.75408368E-04
  1.15000000E+01  1.40117830E+00  3.96941009E-04
  1.17500000E+01  1.39889068E+00  4.83044374E-04
  1.20000000E+01  1.33598208E+00  5.39588097E-04
  1.22500000E+01  1.22527994E+00  5.01817258E-04
  1.25000000E+01  1.08685772E+00  5.13231682E-04
  1.27500000E+01  9.41330944E-01  4.07638427E-04
  1.30000000E+01  8.10146592E-01  3.37230294E-04
  1.32500000E+01  7.10960544E-01  3.12277425E-04
  1.35000000E+01  6.58154496E-01  3.71355259E-04
  1.37500000E+01  6.58020627E-01  4.60157543E-04
  1.40000000E+01  7.09613722E-01  5.19420053E-04
  1.42500000E+01  8.04939219E-01  5.90791939E-04
  1.45000000E+01  9.27053587E-01  5.15807713E-04
  1.47500000E+01  1.05648780E+00  5.07664385E-04
  1.50000000E+01  1.17280388E+00  4.47590530E-04
  1.52500000E+01  1.25789188E+00  4.08496695E-04
  1.55000000E+01  1.29937220E+00  5.07456415E-04
  1.57500000E+01  1.29316148E+00  5.63066130E-04
  1.60000000E+01  1.24288876E+00  6.34086283E-04
  1.62500000E+01  1.15848879E+00  6.32194766E-04
  1.65000000E+01  1.05285346E+00  5.73592148E-04
  1.67500000E+01  9.43085594E-01  4.66571046E-04
  1.70000000E+01  8.46048339E-01  4.14841464E-04
  1.72500000E+01  7.74644934E-01  4.34432810E-04
  1.75000000E+01  7.40095072E-01  5.11404625E-04
  1.77500000E+01  7.45656941E-01  5.23975013E-04
  1.80000000E+01  7.89664442E-01  5.92027130E-04
  1.82500000E+01  8.64677869E-01  6.15599648E-04
  1.85000000E+01  9.58067738E-01  6.01747675E-04
  1.87500000E+01  1.05480527E+00  5.91819355E-04
  1.90000000E+01  1.13935557E+00  4.50651986E-04
  1.92500000E+01  1.20008883E+00  4.70120688E-04
  1.95000000E+01  1.22726206E+00  5.90057306E-04
  1.97500000E+01  1.21863832E+00  6.35443556E-04
  2.00000000E+01  1.17797670E+00  7.31591044E-04
  2.02500000E+01  1.11140270E+00  6.88858375E-04
  2.05000000E+01  1.03007635E+00  6.39832151E-04
  2.07500000E+01  9.46914554E-01  5.33479094E-04
  2.10000000E+01  8.74585203E-01  4.52518147E-04
  2.12500000E+01  8.23416826E-01  4.59928566E-04
  2.15000000E+01  8.00530182E-01  5.77974003E-04
  2.17500000E+01  8.08859885E-01  6.89888215E-04
  2.20000000E+01  8.46328154E-01  7.48395954E-04
  2.22500000E+01  9.05641114E-01  6.95671873E-04
  2.25000000E+01  9.77139936E-01  6.29452474E-04
  2.27500000E+01  1.04995210E+00  5.73154294E-04
  2.30000000E+01  1.11245674E+00  4.90272259E-04
  2.32500000E+01  1.15614422E+00  5.20344686E-04
  2.35000000E+01  1.17413735E+00  6.24615538E-04
  2.37500000E+01  1.16515720E+00  7.19421034E-04
  2.40000000E+01  1.13053916E+00  7.50666343E-04
  2.42500000E+01  1.07793100E+00  7.58131245E-04
  2.45000000E+01  1.01580339E+00  6.84437981E-04
  2.47500000E+01  9.52685082E-01  5.75936860E-04
  2.50000000E+01  8.98219674E-01  5.44007061E-04
  2.52500000E+01  8.61678426E-01  5.18253794E-04
  2.55000000E+01  8.46810790E-01  6.29038076E-04
  2.57500000E+01  8.55369101E-01  7.24271479E-04
  2.60000000E+01  8.86278810E-01  7.80023204E-04
  2.62500000E+01  9.33269402E-01  7.30696255E-04
  2.65000000E+01  9.88724403E-01  6.77244078E-04
  2.67500000E+01  1.04401653E+00  5.95448830E-04
  2.70000000E+01  1.09068135E+00  5.40821649E-04
  2.72500000E+01  1.12204355E+00  5.65897755E-04
  2.75000000E+01  1.13394216E+00  6.92860140E-04
  2.77500000E+01  1.12443606E+00  7.45687905E-04
  2.80000000E+01  1.09748986E+00  8.32970716E-04
  2.82500000E+01  1.05571126E+00  7.84405941E-04
  2.85000000E+01  1.00767731E+00  7.51357858E-04
  2.87500000E+01  9.58837946E-01  6.59106085E-04
  2.90000000E+01  9.17636333E-01  5.35312297E-04
  2.92500000E+01  8.91324288E-01  5.67087556E-04
  2.95000000E+01  8.81113357E-01  6.55456394E-04
  2.97500000E+01  8.89799014E-01  7.58704950E-04
  3.00000000E+01  9.14642054E-01  8.53914659E-04
  3.02500000E+01  9.52062867E-01  7.76140792E-04
  3.05000000E+01  9.94526355E-01  6.91470861E-04
  3.07500000E+01  1.03769135E+00  6.08300998E-04
  3.10000000E+01  1.07295615E+00  5.69909310E-04
  3.12500000E+01  1.09553404E+00  6.06052350E-04
  3.15000000E+01  1.10426422E+00  6.78667903E-04
  3.17500000E+01  1.09621524E+00  7.16654429E-04
  3.20000000E+01  1.07383816E+00  8.53462125E-04
  3.22500000E+01  1.04039093E+00  7.86981932E-04
  3.25000000E+01  1.00237368E+00  7.33928382E-04
  3.27500000E+01  9.64548614E-01  6.91097974E-04
  3.30000000E+01  9.33736454E-01  5.63092959E-04
  3.32500000E+01  9.14022899E-01  6.06817628E-04
  3.35000000E+01  9.07182278E-01  6.79933914E-04
  3.37500000E+01  9.14783405E-01  7.73704031E-04
  3.40000000E+01  9.35452250E-01  8.19406619E-04
  3.42500000E+01  9.64335104E-01  8.31792484E-04
  3.45000000E+01  9.98350874E-01  7.73197673E-04
  3.47500000E+01  1.03163233E+00  6.11614851E-04
  3.50000000E+01  1.05866676E+00  6.06928663E-04
  3.52500000E+01  1.07609851E+00  6.37060991E-04
  3.55000000E+01  1.08157181E+00  6.86202657E-04
  3.57500000E+01  1.07450755E+00  7.89543361E-04
  3.60000000E+01  1.05670726E+00  8.61263390E-04
  3.62500000E+01  1.03014826E+00  8.27795303E-04
  3.65000000E+01  9.99741197E-01  7.42347431E-04
  3.67500000E+01  9.70062323E-01  6.39258993E-04
  3.70000000E+01  9.46204941E-01  5.98280395E-04
  3.72500000E+01  9.31133869E-01  6.25772927E-04
  3.75000000E+01  9.26524480E-01  6.98316032E-04
  3.77500000E+01  9.33273798E-01  7.83651856E-04
  3.80000000E+01  9.50107552E-01  8.13715941E-04
  3.82500000E+01  9.73197440E-01  8.40854460E-04
  3.85000000E+01  1.00012648E+00  7.63166314E-04
  3.87500000E+01  1.02603587E+00  6.51371262E-04
  3.90000000E+01  1.04748175E+00  6.20422495E-04
  3.92500000E+01  1.06113055E+00  6.51270572E-04
  3.95000000E+01  1.06512730E+00  7.09511979E-04
  3.97500000E+01  1.05895286E+00  8.92235207E-04
  4.00000000E+01  1.04362593E+00  8.66311099E-04
  4.02500000E+01  1.02262906E+00  9.16325593E-04
  4.05000000E+01  9.98546771E-01  7.61249413E-04
  4.07500000E+01  9.75246112E-01  6.35817263E-04
  4.10000000E+01  9.56689978E-01  6.20147019E-04
  4.12500000E+01  9.44723066E-01  6.45212381E-04
  4.15000000E+01  9.41134029E-01  7.76419383E-04
  4.17500000E+01  9.46933920E-01  8.01193643E-04
  4.20000000E+01  9.60481613E-01  8.99898850E-04
  4.22500000E+01  9.79232390E-01  9.04229510E-04
  4.25000000E+01  1.00053587E+00  7.98544046E-04
  4.27500000E+01  1.02159521E+00  6.53043911E-04
  4.30000000E+01  1.03854347E+00  6.33482645E-04
  4.32500000E+01  1.04896584E+00  6.61670097E-04
  4.35000000E+01  1.05164200E+00  7.58685829E-04
  4.37500000E+01  1.04708792E+00  8.75957694E-04
  4.40000000E+01  1.03514468E+00  9.13783092E-04
  4.42500000E+01  1.01756651E+00  8.67088715E-04
  4.45000000E+01  9.98632134E-01  7.72541704E-04
  4.47500000E+01  9.79976218E-01  6.52113013E-04
  4.50000000E+01  9.65074099E-01  6.35958982E-04
  4.52500000E+01  9.54839200E-01  6.54953602E-04
  4.55000000E+01  9.53003565E-01  7.49460678E-04
  4.57500000E+01  9.57120966E-01  8.83280442E-04
  4.60000000E+01  9.67581619E-01  8.99051034E-04
  4.62500000E+01  9.83000224E-01  8.77668924E-04
  4.65000000E+01  1.00020075E+00  7.80500871E-04
  4.67500000E+01  1.01748927E+00  7.22229895E-04
  4.70000000E+01  1.03106472E+00  6.46015616E-04
  4.72500000E+01  1.03969433E+00  6.74523396E-04
  4.75000000E+01  1.04216614E+00  7.77966616E-04
  4.77500000E+01  1.03860128E+00  8.92812465E-04
  4.80000000E+01  1.02867861E+00  9.02520255E-04
  4.82500000E+01  1.01492075E+00  8.53715894E-04
  4.85000000E+01  9.98471571E-01  8.31950745E-04
  4.87500000E+01  9.83911091E-01  6.87954354E-04
  4.90000000E+01  9.71080998E-01  6.43928697E-04
  4.92500000E+01  9.63274125E-01  7.17535957E-04
  4.95000000E+01  9.61153984E-01  7.50499095E-04
  4.97500000E+01  9.64403859E-01  8.83831621E-04
  5.00000000E+01  9.73193171E-01  9.39749082E-04
  5.02500000E+01  9.85557907E-01  9.11967823E-04
  5.05000000E+01  9.99897709E-01  8.05888842E-04
  5.07500000E+01  1.01412890E+00  7.32362318E-04
  5.10000000E+01  1.02544771E+00  6.48795212E-04
  5.12500000E+01  1.03272528E+00  6.97955232E-04
  5.15000000E+01  1.03499508E+00  7.99505573E-04
  5.17500000E+01  1.03160661E+00  8.97328328E-04
  5.20000000E+01  1.02356797E+00  9.02282602E-04
  5.22500000E+01  1.01267785E+00  8.85544872E-04
  5.25000000E+01  9.99474381E-01  8.26906429E-04
  5.27500000E+01  9.87089357E-01  7.08617931E-04
  5.30000000E+01  9.76388691E-01  6.52509982E-04
  5.32500000E+01  9.69570637E-01  7.04235801E-04
  5.35000000E+01  9.67578413E-01  7.65757580E-04
  5.37500000E+01  9.69930470E-01  8.70928677E-04
  5.40000000E+01  9.77179795E-01  9.34069207E-04
  5.42500000E+01  9.87146176E-01  8.81015291E-04
  5.45000000E+01  9.99086995E-01  8.13372579E-04
  5.47500000E+01  1.01153932E+00  7.03815912E-04
  5.50000000E+01  1.02122292E+00  6.56135388E-04
  5.52500000E+01  1.02728903E+00  6.96991247E-04
  5.55000000E+01  1.02902493E+00  8.09412512E-04
  5.57500000E+01  1.02686705E+00  8.56328283E-04
  5.60000000E+01  1.02019018E+00  9.38779379E-04
  5.62500000E+01  1.01102003E+00  8.73673297E-04
  5.65000000E+01  1.00019916E+00  8.16121948E-04
  5.67500000E+01  9.89311168E-01  7.08254037E-04
  5.70000000E+01  9.80430496E-01  6.47241944E-04
  5.72500000E+01  9.74264282E-01  6.87789003E-04
  5.75000000E+01  9.72259098E-01  8.47611482E-04
  5.77500000E+01  9.74065146E-01  9.38585107E-04
  5.80000000E+01  9.80173427E-01  9.72682551E-04
  5.82500000E+01  9.89340026E-01  9.21348136E-04
  5.85000000E+01  9.99051405E-01  7.63422682E-04
  5.87500000E+01  1.00923572E+00  6.78094723E-04
  5.90000000E+01  1.01726600E+00  6.64526327E-04
  5.92500000E+01  1.02283247E+00  7.00620767E-04
  5.95000000E+01  1.02504390E+00  8.50538454E-04
  5.97500000E+01  1.02299399E+00  8.83411943E-04
  6.00000000E+01  1.01777562E+00  9.54882701E-04
  6.02500000E+01  1.01003341E+00  9.22971623E-04
  6.05000000E+01  1.00034953E+00  7.76630445E-04
  6.07500000E+01  9.91144973E-01  6.74471829E-04
  6.10000000E+01  9.83007200E-01  6.38916514E-04
  6.12500000E+01  9.77676723E-01  6.87726557E-04
  6.15000000E+01  9.76267699E-01  8.61411987E-04
  6.17500000E+01  9.77781037E-01  9.77557158E-04
  6.20000000E+01  9.82416019E-01  9.80810463E-04
  6.22500000E+01  9.90605312E-01  9.05680712E-04
  6.25000000E+01  9.98395290E-01  8.41873020E-04
  6.27500000E+01  1.00749364E+00  6.79332726E-04
  6.30000000E+01  1.01470658E+00  6.79811829E-04
  6.32500000E+01  1.01969240E+00  7.13776635E-04
  6.35000000E+01  1.02180342E+00  8.04312670E-04
  6.37500000E+01  1.02006397E+00  9.76827381E-04
  6.40000000E+01  1.01576294E+00  9.81125933E-04
  6.42500000E+01  1.00855016E+00  9.17832749E-04
  6.45000000E+01  1.00059713E+00  7.80061203E-04
  6.47500000E+01  9.92664538E-01  6.82333203E-04
  6.50000000E+01  9.85744928E-01  6.72503732E-04
  6.52500000E+01  9.81185894E-01  7.27314883E-04
  6.55000000E+01  9.78831270E-01  9.28639900E-04
  6.57500000E+01  9.80214285E-01  1.02057520E-03
  6.60000000E+01  9.84374765E-01  9.94858527E-04
  6.62500000E+01  9.90892122E-01  8.43661928E-04
  6.65000000E+01  9.98462963E-01  7.62042189E-04
  6.67500000E+01  1.00593824E+00  6.65400188E-04
  6.70000000E+01  1.01235027E+00  6.96865640E-04
  6.72500000E+01  1.01743837E+00  7.54555008E-04
  6.75000000E+01  1.01901203E+00  9.41122844E-04
  6.77500000E+01  1.01785165E+00  9.80647440E-04
  6.80000000E+01  1.01386048E+00  9.87893076E-04
  6.82500000E+01  1.00832760E+00  9.74703370E-04
  6.85000000E+01  1.00072940E+00  8.25309220E-04
  6.87500000E+01  9.94131718E-01  6.87953597E-04
  6.90000000E+01  9.88155302E-01  6.63079827E-04
  6.92500000E+01  9.83411309E-01  7.65428669E-04
  6.95000000E+01  9.81608851E-01  9.09937324E-04
  6.97500000E+01  9.81797126E-01  1.02741303E-03
  7.00000000E+01  9.85783501E-01  9.95912247E-04
  7.02500000E+01  9.90930944E-01  8.84288469E-04
  7.05000000E+01  9.97982330E-01  7.64896454E-04
  7.07500000E+01  1.00478943E+00  6.87069583E-04
  7.10000000E+01  1.01080895E+00  6.70312844E-04
  7.12500000E+01  1.01502009E+00  7.40877014E-04
  7.15000000E+01  1.01706397E+00  8.65005591E-04
  7.17500000E+01  1.01647960E+00  9.91704009E-04
  7.20000000E+01  1.01245112E+00  1.00498930E-03
  7.22500000E+01  1.00790662E+00  9.24981251E-04
  7.25000000E+01  1.00167437E+00  7.83999127E-04
  7.27500000E+01  9.95053472E-01  6.75965843E-04
  7.30000000E+01  9.89226592E-01  6.45963109E-04
  7.32500000E+01  9.84962970E-01  7.24503177E-04
  7.35000000E+01  9.83367942E-01  8.70640102E-04
  7.37500000E+01  9.84136646E-01  1.00120239E-03
  7.40000000E+01  9.86581126E-01  1.06977075E-03
  7.42500000E+01  9.92037830E-01  8.46121892E-04
  7.45000000E+01  9.97817453E-01  7.64342230E-04
  7.47500000E+01  1.00406808E+00  6.85796518E-04
  7.50000000E+01  1.00934804E+00  6.50017500E-04
  7.52500000E+01  1.01305199E+00  7.08522377E-04
  7.55000000E+01  1.01505138E+00  9.38876108E-04
  7.57500000E+01  1.01445958E+00  1.02720988E-03
  7.60000000E+01  1.01161221E+00  9.87852787E-04
  7.62500000E+01  1.00693116E+00  9.09999523E-04
  7.65000000E+01  1.00184764E+00  7.47660952E-04
  7.67500000E+01  9.95804858E-01  6.64846393E-04
  7.70000000E+01  9.90605926E-01  6.41456303E-04
  7.72500000E+01  9.87029498E-01  7.34317859E-04
  7.75000000E+01  9.84841030E-01  9.38408858E-04
  7.77500000E+01  9.85761338E-01  1.04109835E-03
  7.80000000E+01  9.88392429E-01  9.65045329E-04
  7.82500000E+01  9.92382355E-01  9.10145985E-04
  7.85000000E+01  9.97319110E-01  7.74798971E-04
  7.87500000E+01  1.00288206E+00  6.58849278E-04
  7.90000000E+01  1.00839720E+00  7.00790934E-04
  7.92500000E+01  1.01143108E+00  7.59943620E-04
  7.95000000E+01  1.01346873E+00  8.71439120E-04
  7.97500000E+01  1.01249652E+00  9.65957663E-04
  8.00000000E+01  1.01052910E+00  1.00982752E-03
  8.02500000E+01  1.00678113E+00  9.48940745E-04
  8.05000000E+01  1.00221101E+00  8.00661718E-04
  8.07500000E+01  9.96593229E-01  6.53750949E-04
  8.10000000E+01  9.91955821E-01  6.28309216E-04
  8.12500000E+01  9.88413555E-01  7.48183976E-04
  8.15000000E+01  9.87040032E-01  8.87190712E-04
  8.17500000E+01  9.86868698E-01  1.03030999E-03
  8.20000000E+01  9.88732192E-01  1.01939759E-03
  8.22500000E+01  9.92871693E-01  8.87349087E-04
  8.25000000E+01  9.97423482E-01  7.62146869E-04
  8.27500000E+01  1.00195722E+00  6.55066596E-04
  8.30000000E+01  1.00684995E+00  6.03103298E-04
  8.32500000E+01  1.01003763E+00  7.63963039E-04
  8.35000000E+01  1.01171662E+00  8.95830499E-04
  8.37500000E+01  1.01196168E+00  1.01151920E-03
  8.40000000E+01  1.00978632E+00  1.00229238E-03
  8.42500000E+01  1.00624577E+00  9.51829614E-04
  8.45000000E+01  1.00176148E+00  7.53126894E-04
  8.47500000E+01  9.97801818E-01  6.23084939E-04
  8.50000000E+01  9.93392032E-01  5.57250398E-04
  8.52500000E+01  9.90318093E-01  6.96607405E-04
  8.55000000E+01  9.87994528E-01  8.49919935E-04
  8.57500000E+01  9.88310720E-01  1.01226533E-03
  8.60000000E+01  9.89275840E-01  1.04238530E-03
  8.62500000E+01  9.92760602E-01  9.47050149E-04
  8.65000000E+01  9.97105126E-01  7.28411490E-04
  8.67500000E+01  1.00169917E+00  6.13591639E-04
  8.70000000E+01  1.00538115E+00  5.41008113E-04
  8.72500000E+01  1.00829156E+00  6.50498210E-04
  8.75000000E+01  1.01044322E+00  8.66966507E-04
  8.77500000E+01  1.01051505E+00  1.07104491E-03
  8.80000000E+01  1.00882709E+00  1.08245220E-03
  8.82500000E+01  1.00668580E+00  9.42478825E-04
  8.85000000E+01  1.00276827E+00  7.82927104E-04
  8.87500000E+01  9.98802010E-01  5.79799747E-04
  8.90000000E+01  9.94594035E-01  4.73972911E-04
  8.92500000E+01  9.91315098E-01  6.60666000E-04
  8.95000000E+01  9.89343277E-01  9.18613463E-04
  8.97500000E+01  9.88752544E-01  1.07010937E-03
  9.00000000E+01  9.90315123E-01  1.07346560E-03
  9.02500000E+01  9.93081818E-01  9.37978641E-04
  9.05000000E+01  9.96283328E-01  7.43315378E-04
  9.07500000E+01  1.00023558E+00  5.17077596E-04
  9.10000000E+01  1.00395946E+00  4.50028113E-04
  9.12500000E+01  1.00745908E+00  6.53227136E-04
  9.15000000E+01  1.00892404E+00  8.73892427E-04
  9.17500000E+01  1.00967800E+00  1.09217140E-03
  9.20000000E+01  1.00916833E+00  1.07010455E-03
  9.22500000E+01  1.00661370E+00  9.32082488E-04
  9.25000000E+01  1.00332722E+00  7.25772365E-04
  9.27500000E+01  9.99371840E-01  4.90973233E-04
  9.30000000E+01  9.95798515E-01  3.75715737E-04
  9.32500000E+01  9.92683008E-01  6.84219230E-04
  9.35000000E+01  9.90633728E-01  9.03179232E-04
  9.37500000E+01  9.89736877E-01  1.07848120E-03
  9.40000000E+01  9.90552992E-01  1.10655489E-03
  9.42500000E+01  9.92684678E-01  9.55475093E-04
  9.45000000E+01  9.95692410E-01  6.99138005E-04
  9.47500000E+01  9.99276230E-01  4.25544116E-04
  9.50000000E+01  1.00273989E+00  3.66824289E-04
  9.52500000E+01  1.00575743E+00  6.39568336E-04
  9.55000000E+01  1.00824100E+00  9.46817722E-04
  9.57500000E+01  1.00885724E+00  1.04636882E-03
  9.60000000E+01  1.00894584E+00  1.15857091E-03
  9.62500000E+01  1.00690138E+00  9.83440374E-04
  9.65000000E+01  1.00377542E+00  6.98634717E-04
  9.67500000E+01  1.00041864E+00  3.81719086E-04
  9.70000000E+01  9.97006522E-01  3.15299671E-04
  9.72500000E+01  9.94244358E-01  5.97344582E-04
  9.75000000E+01  9.91274701E-01  9.38280519E-04
  9.77500000E+01  9.90397229E-01  1.11865122E-03
  9.80000000E+01  9.90519405E-01  1.14056545E-03
  9.82500000E+01  9.92570579E-01  9.82956992E-04
  9.85000000E+01  9.94871770E-01  7.09364839E-04
  9.87500000E+01  9.98103648E-01  3.51292955E-04
  9.90000000E+01  1.00146802E+00  3.39437374E-04
  9.92500000E+01  1.00503510E+00  6.68295457E-04
  9.95000000E+01  1.00726637E+00  9.94309736E-04
  9.97500000E+01  1.00865754E+00  1.12257501E-03
